stock <- list(hlzs = list(symbol = 'SH_000015', period = 240),
  caqc = list(symbol = 'SZ_000625', period = 240),
  mdjt = list(symbol = 'SZ_000333', period = 240),
  fszm = list(symbol = 'SZ_000541', period = 240),
  gldq = list(symbol = 'SZ_000651', period = 240),
  szhl = list(symbol = 'SZ_399324', period = 240))

code <- 'caqc'
